Total cookies: 17
  _ga = GA1.2.652545373.1778139713
  _gid = GA1.2.1454427059.1778139713
  _vwo_uuid_v2 = D359FA2433B7F7F663A65C3A2A2393BD0|8c559dee69a10f0c3882bf9821475000
  _vwo_uuid = D359FA2433B7F7F663A65C3A2A2393BD0
  _vis_opt_exp_360_combi = 1
  _gcl_au = 1.1.276342894.1778139717
  _vis_opt_s = 1%7C
  _vis_opt_test_cookie = 1
  _vwo_ssm = 1
  _vis_opt_exp_222_combi = 2
  _vis_opt_exp_299_combi = 2
  _vis_opt_exp_420_combi = 2
  _vis_opt_exp_303_combi = 2
  _vis_opt_exp_318_combi = 2
  test_cookie = CheckForPermission
  _vwo_sn = 0%3A1%3Ar3.visualwebsiteoptimizer.com%3A1%3A1
  _vwo_ds = 3%3At_1%2Ca_1%3A0%241778139711%3A67.59928209%3A%3A%3A%3A10%3A1778139711%3A1778139711%3A2%3A222_1778139721%3B299_1778139721%3B420_1778139722
